a e inc Omega omega Manom
39.24163772618555 0.253923425985958 36.70144135104005 281.13943446167127 104.46372783435855 340.88823086914135
39.39485364319897 0.27124898086724 13.41989468271498 126.0272783764917 82.00161094291121 76.73618054002334
39.46756781947695 0.283317577909162 37.04309113416102 293.21568453283317 99.76889762672346 54.341783701409675
39.47026034891661 0.190657612304356 17.124070660538933 71.22518770346119 92.56128077334499 352.02573082912375
39.6184272752947 0.218092148824229 19.069619370833724 245.65614925867746 28.979875974286923 158.9445621404445
39.31242268375997 0.369172411181325 51.13535035941914 117.5262378150594 68.8314470787786 325.0286009710352
39.256258465397664 0.296904591345507 25.639380905066034 242.8725709131214 81.91551904694082 236.7307105751574
39.32055343929664 0.308751247847432 32.55069814137783 7.070088085086017 304.9924210338884 105.64749635276624
39.4067165103733 0.201689955027716 29.97429220308671 208.09095477185195 88.65772142114916 121.38429380499632
39.45105170970779 0.276565436158577 43.9498794123492 162.73097915626448 217.57141080364428 238.97021834337525
39.57410601106376 0.275573777561336 36.48340401164967 122.33294565244223 303.9819221458348 284.9182565686141
39.48482494034253 0.318568964403179 31.83849437849662 132.13749448599364 322.22399099167484 274.1557663536803
39.39611278486879 0.244019184618424 8.703133755635822 20.92507245879694 46.819789534593426 155.19238712936558
39.371354710221674 0.20230114402299 24.51887979202603 340.17548466772314 242.21812803395443 347.21909856721817
39.24730440794984 0.246504807830768 32.25586930997864 87.75719098126922 3.214190760832623 47.325058934473695
39.395176069324 0.251656752636592 24.977687485900287 286.6554737213772 228.04293232449433 268.8779746676556
39.59628304083551 0.269737388726904 35.98590370233095 223.81258579697231 21.654950692456502 291.1346060461538
39.42582183390743 0.302517831199189 19.078985328219304 292.3584522317347 131.9472420447014 45.01874084935849
39.32241155515206 0.204037917252768 15.066484417066244 3.323944260302635 48.33186465193624 80.36145008588637
39.275604154605084 0.282918269075989 33.07880879490654 223.60772953553723 40.300743578708605 167.6636800224993
39.25605115074153 0.370280772894576 36.411751129546055 306.3491874781268 66.77984677610493 333.7362059304146
39.398084543633196 0.239829108681831 20.634921048268406 161.89359866001425 140.9547118841365 29.801828733423264
39.271410234753844 0.237208729075366 33.99331628405595 248.55643993696174 295.46994921744545 214.2328873846918
39.5463920533759 0.283730030591642 43.16768530562383 143.81824030875745 275.25652144676803 297.66058115967365
40.36010967408947 0.344483574763188 46.58136482196442 215.71200763289855 24.006937993792327 164.28681034700892
39.48908418261559 0.286345256486011 39.969857644424295 169.37801265740057 359.7838290256958 340.1148147516036
39.304118863667036 0.263968853963884 9.363093293169584 180.557215612002 94.32128975065761 47.86401121348877
39.45515579126424 0.187851347810098 16.64363071009282 251.74668193794895 284.68954231111195 126.26472869398457
39.36419379842397 0.221452418416022 19.846284004869403 97.44971380552788 101.17235180273086 94.39249438572
39.33658961957844 0.318599709958181 25.2442412025611 116.17989000682336 73.08833958223636 75.71272744880116
39.42019870227063 0.360714976558034 45.901245607908365 85.42876829442223 221.68957711600734 35.73209077233109
39.4683694208521 0.237502682166607 29.088751356207016 342.3640351795089 171.93897810156764 89.40598074870645
39.55180001284095 0.242976824596857 35.888686139107996 233.9151242442184 49.59582278367085 266.8848602334823
39.31367170102386 0.209603940859604 40.55700334222341 352.4317137030054 86.9519028948296 173.16122849190788
39.46607453626675 0.380231803811917 29.716326711514583 169.63218550676234 298.3725394433306 276.78365403935106
39.480657516078246 0.382610895586708 41.6268273012861 188.37064009291436 241.75062182187764 70.19548996731199
39.508394071390086 0.357067344628719 32.38963017641884 159.4622009202675 131.13823729373848 268.70703335608647
39.46836439782568 0.294080992869519 23.248751798481745 112.90453123255055 71.98308320976471 310.11438816288796
39.32658384008141 0.349710855789181 46.947035244156396 215.2749353520314 350.70336050424055 89.57581437582188
39.362634208861664 0.351455651829701 48.257754748706596 243.86505149009957 355.46418118022154 184.45769585277074
39.507391894925306 0.246614674333832 38.39767420301246 140.80378042569077 33.752838788122716 307.71193625218814
39.32410591783757 0.238602940179768 29.297100041688267 123.40041434763415 41.34870852998254 94.00394244011973
39.51429192650837 0.203884393064271 13.319119164939735 1.793796912037005 265.47466894129843 257.21901304121945
39.43641080438055 0.306389294275875 29.8216131762808 125.41968882896967 343.1844180553765 53.82674270453564
39.32233012560542 0.292300908185284 30.778610202645364 159.84328890632608 242.19572764523488 285.9325934130983
39.25974485598021 0.180237480543924 24.83548101897402 66.70134390371668 99.80642258977296 205.2058142094176
39.39485364319897 0.27124898086724 13.41989468271498 126.0272783764917 82.00161094291121 76.73618054002334
39.548099549060986 0.376887446429343 40.017013506049544 143.02524110504336 209.17837961697538 135.373151526107
39.46023765475404 0.268174041604989 17.203254618795604 123.43414237279316 321.83412641435183 56.182656921587366
39.52588760504391 0.231584102903332 20.38232003370139 11.648561797914208 43.74170473068084 47.59826604346325
39.21398068500441 0.2515762319533 30.589965452311827 24.516024297321657 346.83881793997153 316.5775408492213
39.466173822681 0.293321486478919 19.442154878617096 173.36813636197638 257.9045233394773 67.02762237615136
39.32746480095247 0.386519286297375 45.42200460769246 78.84481236853057 234.80955918837316 117.84514165482402
39.43487956197796 0.224872868630564 21.817635441499096 227.75334554395977 194.9477279852137 208.0455684111807
39.29584804507883 0.229991289683088 36.662044787686106 113.4057921438409 219.1713685621205 4.178434531723591
39.55160195135917 0.200105284807191 21.136275247068 167.36714864687917 322.57881540932743 114.91102790038299
39.38318758170099 0.216156282101883 15.007462014543943 226.5793018603585 104.88796001461475 266.60012210247
39.29857390062751 0.21656844633152 27.35209724963783 277.9551452398141 236.49849151779313 333.3142677626815
39.614068915168744 0.279552982822987 22.15381421292044 66.77438992404001 229.37810409446496 28.095510959702562
39.29402163577492 0.281879730781439 29.247103245994655 358.5073651038071 328.4532766046655 233.04753830337927
39.26220683848124 0.32354850441329 31.775356085892632 27.227075374472214 157.93775611289445 323.31935707325607
39.30137729550748 0.242505995275652 11.417897986322807 272.9729064712289 111.40574244564796 53.220948135715744
39.33851185149133 0.239552420945771 44.06426625926111 70.00487659728924 127.80962827278769 336.075673033836
39.3044111213749 0.328202575774666 33.96859147819151 298.8810884338986 185.81707938472104 259.848955149461
39.47026034891661 0.190657612304356 17.124070660538933 71.22518770346119 92.56128077334499 352.02573082912375
39.45040184817527 0.173986276965255 37.10081596567367 41.75470726753713 113.98199655192315 225.56649197120018
39.42849330454434 0.277184510068413 26.121419782792128 185.2174592018556 7.852460924600734 211.90513113543147
39.47437363420161 0.333961495958105 31.348449436449457 126.28605740096069 307.45219343450884 64.71727535638591
39.56128949763465 0.284492203203442 20.999557849650316 335.2878486547833 47.58231044473423 105.39347971485883
39.18769625110439 0.194461471582828 31.13122248962093 200.79150992436237 86.99132146438397 256.2314782923263
39.29868442977495 0.310524169629834 25.32654926250468 192.0372148635395 275.0961266663023 266.76692546283704
39.54558116789006 0.200909339226911 25.758388742709897 28.972198406362704 61.190156066657536 66.36140400569596
39.454233261500185 0.31649719003649 21.613915038961245 78.98511604475266 63.58548083824944 219.82893599982202
39.47139918290624 0.31178966487753 29.190930767524048 300.2911992621123 120.57795912042377 284.2368181641302
39.41173616522876 0.243634651293855 29.385825496496533 40.763337035125296 323.7617728161472 259.8864143801916
39.43177548499688 0.336411243705723 30.907258375990704 83.85586230673886 324.6988464470325 165.29937237860804
39.32003955479382 0.227486459151161 19.530002581954257 143.20536580203037 204.91316193943078 124.56717023467819
39.41444380671611 0.232956188577496 5.783092194037659 305.2760883652951 267.99492995155384 91.94202670041304
39.454509893725586 0.247084682784356 34.47057203182883 62.88332289260922 331.94972508119486 94.69236097026526
39.24379513580279 0.285939348178015 25.905483978524362 43.885846239889254 243.30889116736452 12.321405002784445
39.26739424240372 0.23745127602831 26.293794075490872 320.16286529265676 142.6804286548052 139.84986133720597
39.256258465397664 0.296904591345507 25.639380905066034 242.8725709131214 81.91551904694082 236.7307105751574
39.44291062406471 0.242883050998131 17.60763020017609 88.16870748097777 228.56201649664828 7.282212212415788
39.325196514561725 0.265827128260677 18.60966265957543 102.93260249320095 234.32700638302867 90.41234117191611
39.32242137110659 0.219363983454115 36.21238789389508 333.4287275300465 275.9825853106883 281.36046565136144
39.20670030336263 0.257701256032865 38.879930712170044 85.76642754675892 39.61179549317737 231.12857985131248
39.49538648791737 0.230374384024999 13.94936724837617 129.0252380804951 97.7522961910043 164.69468213824362
39.43127242822028 0.314364389918112 27.44110755409943 295.1462389594725 147.85562659326445 272.3184511992733
39.4578745986872 0.232117263473758 15.346360558594583 164.7092360886958 63.63549658491 63.39381922875141
39.571528559008776 0.244991725139196 15.556336057476626 27.486240302176924 107.34995621294054 123.79072698732153
39.504784698841576 0.327652614416695 27.347740252255587 196.35705392522073 130.48890290338184 358.29315042689495
39.30184701658156 0.232314449469506 18.591958979658852 157.85954770018228 249.1859297170876 295.80914880758985
39.33291912285803 0.333966505559798 29.660827023667245 243.20180084872027 310.36987211695174 313.98510735482654
39.48127527645093 0.312855804242356 22.07340982567113 330.7868383581535 337.8013831831429 245.44934549069256
39.43841012008001 0.235438552782797 19.341572013627516 89.41778798457354 262.95197121082055 240.87515413060027
39.507181318413515 0.245382834274035 15.075780047474424 12.798678980252909 223.4272511698026 198.62992200295875
39.25780657141442 0.268383042987293 29.67809545428481 249.0807709283881 208.38345547183715 150.5155763511953
39.446658136173134 0.218346735897621 16.389918029275645 247.63909146503028 309.5198197307808 229.662506223719
39.5519095872288 0.258901704894055 27.86288239540565 113.42449016535396 177.38463019280184 283.05719508122576
39.36193876527945 0.337417351975671 22.793854330664708 121.99803992120754 112.39295174004123 66.8232845055805
39.50147986777087 0.261459827291926 14.46882703790732 20.739715535177417 183.536566822494 63.88119575579199
39.30750105636599 0.226386822553966 33.39796000828354 122.8579890735875 12.520136435623314 113.77440068829176
39.47047591300786 0.34912422067448 38.59585840502209 199.2223964406019 308.32321863243516 354.72312710380396
39.385842443737005 0.252151354738147 13.73369195007128 163.28681501460636 233.40080278267897 104.40610379789504
39.542179194503795 0.276178306545404 32.713731687690725 280.15046360707777 27.260835996167238 137.61995571995607
39.20424539569902 0.20930066169231 21.12271638482274 292.8887182271089 192.11616916911714 248.1432030650899
39.252559668971415 0.240699434318485 16.645605854351803 247.2239766810298 324.7161008731002 201.7403843211174
39.46220687235721 0.305369618358759 29.38871145725369 73.92450056750015 192.0319202506587 26.645219851647617
39.45105170970779 0.276565436158577 43.9498794123492 162.73097915626448 217.57141080364428 238.97021834337525
39.326152289673395 0.390590036396938 37.59703744120718 20.833899084669092 58.894509512691805 186.61534695768472
39.48264219180895 0.234542465166677 16.17627166487191 228.58507145596346 154.165641431633 74.4378948209456
39.50143595596197 0.252555497797703 17.76007544795225 345.56182103851484 333.09512118673155 214.83083468254512
39.40778743340664 0.351678180322131 27.3820063896296 324.39637794367735 76.47676381678968 331.1394230641669
39.47678631397504 0.200789444748967 22.552502325044724 140.48871212631389 92.87658450103758 299.2326896301728
39.553373796911536 0.219903688891414 14.963306976156044 159.47536484204963 44.58252425948891 198.9038825940038
39.24129635671294 0.28115316048809 35.18923946308093 164.7925918856283 125.18080286587256 112.42269891414075
39.52361594416297 0.284319177439226 24.512995799183777 332.60276563574894 296.21142735960683 295.3803113387077
39.429153328760314 0.346929716830421 28.728888473892887 202.70848527067946 164.00903454917372 114.06746451250989
39.4929525219846 0.239444982656094 22.644001984132128 144.65435413225683 209.5684755390114 326.74853533856486
39.43280922848181 0.241327034355146 30.02934543637753 57.4278253441623 220.27567359626806 171.59535573372023
39.43607126653742 0.195081098916523 25.778962773508383 174.7489579629456 241.59661110923537 316.17444708758995
39.40074834479021 0.363152857637694 29.284936149302304 284.2847716793211 116.78975441142633 91.92955581368234
39.267843500629255 0.205646888297367 27.303066232582985 142.57788241879024 201.2874064281138 340.37370162333906
39.44540370927954 0.240138846524792 13.856180980766375 52.742548312539334 90.4707842157893 11.736415651968548
39.42460386260962 0.198755839471577 33.53287645938843 110.27863806145167 309.74436473249875 81.69328136963617
39.28275905815263 0.365200475703466 42.35158336480114 152.04460992316348 124.3232051807365 159.28332920653574
39.31184692209441 0.346105934391785 29.10529475212946 152.71050768891692 291.59837262443403 274.9575085007804
39.31426883477857 0.192621755503884 29.286931308201904 193.50432068846536 85.70354545555598 135.88228703369407
39.36249018506072 0.306267801643869 34.88993803569119 234.8084635692755 15.408359905258829 44.94947898366543
39.420056252740096 0.222031067141741 29.888148829687132 193.19380271089872 169.17424039796512 8.170812489872167
39.443005224730726 0.271880177160419 21.767081827059013 74.11944209460465 331.3568716423685 319.2821970867573
39.50255375066312 0.383059366853305 32.132072447608266 320.68453432667656 264.5487011889936 297.9833217105367
39.378645746268354 0.225596097507608 15.22812984157496 283.9096065579263 67.97067630979151 313.6620230999587
39.399964165294605 0.304935641235753 26.089145351271917 66.12233350717705 86.4779502130507 92.09476000651685
39.34784348520437 0.294758223683122 46.600471501937896 308.3449783856444 159.58837347358926 159.1149707695555
39.48482494034253 0.318568964403179 31.83849437849662 132.13749448599364 322.22399099167484 274.1557663536803
39.40596177172953 0.248740617733799 26.325055456674406 300.2584274400127 29.963436116806214 128.29072468965305
39.32684341750666 0.239910402306308 16.670696775005297 248.035880994983 59.81330739505809 358.7003690136263
39.47903326289637 0.268099096791449 11.231731643262309 16.28550191758372 107.71018830884185 237.22682333316857
39.39611278486879 0.244019184618424 8.703133755635822 20.92507245879694 46.819789534593426 155.19238712936558
39.396154221930466 0.313491941917021 20.360925407771333 194.43107795228295 253.74123661745767 175.3299999857862
39.50383191044919 0.243005258647916 26.8065485629925 292.58584622090046 40.63327180261761 117.30243553731603
39.3012549024758 0.219239134076476 26.704294539766597 331.6171217191146 286.94745601267846 129.08909433632053
39.49759741432432 0.363780809431672 31.592381203393128 192.62344458495517 184.05453880755465 57.414308649957626
39.350970258909065 0.209573046987608 27.87461580275672 39.0566736899828 74.63940866525355 50.89211903920517
39.448699423338184 0.292171909276409 26.88892857080462 295.5978914941041 111.24037704819894 336.07423030685896
39.45951457800667 0.244349894277274 46.59230276140851 220.04107312133618 329.74983280074525 92.58481436812426
39.32724742345604 0.275845701976582 25.26001261292357 355.7381733120348 136.31968153512747 148.27794364002818
39.29553743585562 0.216123143955282 39.056698578896665 104.93166069864306 235.64335552309524 222.96284243015234
39.371354710221674 0.20230114402299 24.51887979202603 340.17548466772314 242.21812803395443 347.21909856721817
39.24730440794984 0.246504807830768 32.25586930997864 87.75719098126922 3.214190760832623 47.325058934473695
39.364766694434394 0.300508273794085 36.28086217126797 274.3901111559823 184.2661307414226 274.17199952506826
39.46066819643445 0.238638184926136 29.62808211929388 20.474673944640564 347.44013342609696 125.44815031955503
39.395176069324 0.251656752636592 24.977687485900287 286.6554737213772 228.04293232449433 268.8779746676556
39.507975896072 0.279872440885895 14.730071323201736 310.7318305566447 266.3319314979665 63.64256925894444
39.539551551593206 0.282395243415172 17.542572579624178 282.5311969660428 320.83956066985877 184.73123043792987
39.38058597921447 0.30731135438579 32.47689430710922 119.4412952827141 229.9285502281553 216.46176602199913
39.31920529968253 0.172750896884067 33.19496543721927 154.13266123222493 88.09403598598428 84.20794695386279
39.54488066156528 0.208938158289534 35.20819741302735 234.92997390815623 63.3232772728857 302.03190684953597
39.4224317805879 0.211034508016285 27.013584055503795 164.08432711784596 77.05046612334799 265.8790121719039
39.19397958198489 0.188627782894964 27.634645207940842 14.509867668724006 116.66204866159055 131.9104550095158
39.272090929623715 0.232430250688769 21.1282005283133 11.767715323327423 138.4205440031445 6.824072636900504
39.41618044955726 0.252619081303016 13.406257139788895 250.95246722300084 284.7989095077419 324.403951563815
39.42582183390743 0.302517831199189 19.078985328219304 292.3584522317347 131.9472420447014 45.01874084935849
39.297589412535054 0.231535064048594 23.517120541799265 197.21592947615346 220.45182991596525 80.96223148459116
39.50973333982491 0.343320342272324 30.52132102977769 229.40233459385834 146.70212334246074 335.99829775090404
39.270445464812155 0.358418595379297 29.803048544742566 172.36761742601695 273.5237065234475 51.62583485674016
39.42598221659514 0.159402426513982 29.796832749448452 125.74297767614512 77.25101812899207 325.1001006805416
39.44765621863379 0.2220206253753 13.82327452433396 283.7809527014409 150.2478744891468 311.28709310790555
39.32241155515206 0.204037917252768 15.066484417066244 3.323944260302635 48.33186465193624 80.36145008588637
39.38683896827858 0.325197306587439 41.13724152551933 268.3049076147181 249.91374315657598 327.8452121893641
39.26766043924336 0.297717963952219 29.73203577648804 176.8491895426007 358.2427238623271 93.52091858398826
39.398084543633196 0.239829108681831 20.634921048268406 161.89359866001425 140.9547118841365 29.801828733423264
39.326330570623824 0.239103409335304 32.02027374458959 94.3891733551823 43.10234931424913 117.43519824477265
39.34759318132365 0.234719667254432 25.49878016985954 349.788525022157 302.9576802413911 126.31999309745589
39.55590375670978 0.300432537166342 22.835783967433596 317.9131626864227 259.78129609253455 75.94875735598632
39.456810534721726 0.275210120831336 16.607741945154604 59.75220840838444 123.28820548934179 78.29866967609863
39.42566057633878 0.258534336362831 16.15251277424167 9.159372487298928 327.3378025905283 83.86667683089136
39.47454372432497 0.230556728445455 34.95627887328636 68.05965489061325 329.03511339692955 340.3554503687207
39.33158072046621 0.289420177589069 28.904435553264346 203.017012955739 20.366773628113712 99.65819484047312
39.52388536551019 0.264816248085997 16.754892807879784 236.6206056457296 10.251981122977359 151.77021460436572
39.4669449453198 0.228195250327252 14.00109410420739 224.63286453305747 44.999762771650424 293.5208732374675
39.485396190359815 0.23725242831846 18.506164176167452 261.36493617603384 218.69874477594476 151.7581896998728
39.40689712719388 0.329237802807535 36.48855251741646 225.88507280273285 337.41956644705533 229.49853819949922
39.45687734920732 0.195280525309779 24.192415356629276 178.6636213324659 271.1481740506126 266.31766089183355
39.504509782879786 0.24851535981162 26.35121281775019 138.41207359753392 100.767206671407 266.4634785928623
39.374157819477 0.33061937708315 19.95624089039261 282.44349506048474 70.79844383824184 350.35223914471015
39.30557201586874 0.255163310114824 7.435407314443357 291.08237616267604 177.83688301149053 275.1936844041134
39.271410234753844 0.237208729075366 33.99331628405595 248.55643993696174 295.46994921744545 214.2328873846918
39.38880480912427 0.259457308072137 34.657850212291955 171.65460168900455 48.22817663819246 294.6975582649303
39.342623216956895 0.164739801356127 27.42612022951392 294.13907348775905 112.0664940975252 167.5965147938434
39.247494586732 0.344005887752557 34.094809644149365 330.3724985867472 11.655711571656806 325.5728937275502
39.4703421827442 0.308697794685403 35.8364516480057 128.1969103164803 171.79506273220474 27.137729952078562
39.32409111960732 0.361341616380816 27.108099384774807 202.61778603907027 282.08474769907986 248.83061258504375
39.336179479842045 0.286869798655132 21.452052879536204 149.9853184233493 145.64466066333833 34.825718938441874
39.50723913637175 0.270765195652285 27.54413804348693 285.782258942203 212.84241305934555 276.52256537115005
39.43184497927764 0.224560970648831 25.507096383890463 148.1787888288084 50.810346531894254 337.5517818193834
39.53294391489428 0.190109861367284 30.982999920315496 224.7608815182639 101.05017833602845 342.3229892086953
39.227853717563626 0.230586530186841 25.360174576765683 123.24403007520564 157.1277184147652 288.73736696891626
39.35031895849868 0.237224889696712 20.156203625122714 79.36239240616572 60.76476390091924 24.589654772467107
39.45342030615656 0.26692839373205 26.69287713593785 211.39791231350213 35.201623898675905 59.35318121362033
39.48908418261559 0.286345256486011 39.969857644424295 169.37801265740057 359.7838290256958 340.1148147516036
39.34913836562556 0.36224639089843 27.61176680355368 295.7929250640897 147.1537227899904 51.01759759372316
39.304118863667036 0.263968853963884 9.363093293169584 180.557215612002 94.32128975065761 47.86401121348877
39.198711846862246 0.240314284208103 30.03076832414551 354.9905904216949 228.18854823773222 74.68066450246828
39.31206158920258 0.319460069795063 26.162667103112643 99.36241200250836 244.2268483396727 230.33155376497507
39.45515579126424 0.187851347810098 16.64363071009282 251.74668193794895 284.68954231111195 126.26472869398457
39.43052690306584 0.237553353768244 28.072394532581956 83.38026330962632 241.3396519319595 223.67015543181446
39.33658961957844 0.318599709958181 25.2442412025611 116.17989000682336 73.08833958223636 75.71272744880116
39.54897467211386 0.367390222748242 46.7112542018875 330.39371815647826 336.7252105106759 165.25610867417075
39.397152469329946 0.382209761708746 32.57677229279427 103.8668635663624 125.59546835378129 303.14798591270244
39.46108363939734 0.243524705619828 16.352422004488226 205.31578599185204 64.83471105083078 283.1242467447304
39.5537888094479 0.299913989907951 20.41824190479141 73.71213282464122 264.6331570518645 242.12700463741422
39.383930149300284 0.290612108633277 18.012565739638376 312.9063566253333 313.44431542235816 167.6905191548014
39.59942315447042 0.241135312874184 24.830467398537202 112.31709533611081 217.3068561660476 111.32362942061764
39.26723176307217 0.360524481175506 34.88266145505799 274.65626130648275 132.2321888806127 205.26628723406614
39.30726784984074 0.310422003316452 39.22028711009696 96.92363810501217 150.9497618747385 43.054755651298684
39.510602491787765 0.262196810698857 25.93081953238363 163.91145687310407 53.01250949825948 50.1475928576255
39.33533173645584 0.252220893763288 22.433453326158883 99.6803883818938 35.398004905672934 266.66377268578594
39.20916310653356 0.248661518046467 27.947786824219918 278.0179812098786 164.5576715050094 278.1629428085698
39.4322480661174 0.308872775308773 30.286875895028654 237.9477625166093 26.35681128303171 13.874113629096449
39.41228884089808 0.300777318174948 25.490568971628647 23.52786462160925 208.69691884334708 62.87746398751989
39.476320425204044 0.348460994634375 32.71545999173465 244.50238332452136 240.25795744466927 278.7951461830535
39.45117913899187 0.272716606714964 14.74111268879784 213.44238175556254 343.0638512638477 83.73178509773615
39.35936809024821 0.190721652034625 46.428243999873274 219.79514910612713 48.01504939462734 278.2480109414981
39.291145638330754 0.214546140461422 29.65430974222116 95.43003494657584 126.04384094650555 177.4167743030083
39.4683694208521 0.237502682166607 29.088751356207016 342.3640351795089 171.93897810156764 89.40598074870645
39.3312810846231 0.222278452917502 23.915524424383374 266.3811414371809 305.54279054423927 217.34843787306795
39.31367170102386 0.209603940859604 40.55700334222341 352.4317137030054 86.9519028948296 173.16122849190788
39.29117932739817 0.265489961087518 23.656059408937566 293.7031855870899 308.0331726828894 24.42293071450905
39.21052743012395 0.258146793030158 25.76528033789264 41.12301721508011 128.83921371941418 210.09457704810478
39.304274623765956 0.309683533573636 15.733828153623776 236.42149002371343 239.59998202547075 125.8215409094564
39.45583162556522 0.193373726215257 31.658968650066 258.7055241094982 59.53720419382809 140.71718714688924
39.388311334494 0.326266019590108 24.351625315854825 227.9732195181812 117.05246898413378 202.01830755982863
39.42662811122577 0.287380194483237 22.680749851081533 60.10864307783857 353.08099041265524 90.94604068051484
39.28104014229473 0.331786830412458 26.377943942527423 268.22082761878244 247.68348721897405 254.0433235415614
39.19354299372442 0.213479487581062 30.764705572020112 210.8482548443956 180.83271820206707 317.27850549508724
39.31179872007304 0.379971091741979 32.94122164634375 240.61878369292992 232.4741484929189 260.464325071619
39.428432182397245 0.316692544538172 29.900870184818682 326.2891404289498 144.88630101553292 261.26109412939337
39.487045142766476 0.229994643446583 12.237198847637345 270.21003723045976 135.04335231685104 157.6782447654802
39.46607453626675 0.380231803811917 29.716326711514583 169.63218550676234 298.3725394433306 276.78365403935106
39.44864192263798 0.355707730143842 31.063126384169443 344.67233085461595 230.06200164469823 182.48169224315632
39.28240852168718 0.278412050903142 23.966362536066534 190.89899224294632 343.82151525450496 123.06897516301332
39.514648339183275 0.251358179278825 26.863578630816892 32.22357517368414 220.006284273893 268.74441874906483
39.384430345359014 0.231228745710055 37.9948553370742 168.71473193583265 116.28626988908614 235.22725277090746
39.24296527164456 0.274929736066134 37.28358574684226 160.2131090171864 244.71653950769297 165.68081411358204
39.42800265939709 0.312900967157825 15.996970047875726 263.59444562632916 66.85275571350606 10.358894671750404
39.15585888212017 0.269908413144794 20.37812081705665 122.35346552972872 134.6317156508729 183.67521015897216
39.508394071390086 0.357067344628719 32.38963017641884 159.4622009202675 131.13823729373848 268.70703335608647
39.39712310867355 0.261500516732874 30.352230794304514 320.8002739785011 146.01257554636047 273.3416905475432
39.3757817065263 0.322535869298145 33.662404832557904 84.40716922309342 87.58182449540627 133.8836287343019
39.38990145989612 0.385028902360223 39.797056780989394 196.90576350285014 69.37122730762435 276.5911244318605
39.46836439782568 0.294080992869519 23.248751798481745 112.90453123255055 71.98308320976471 310.11438816288796
39.51359901315365 0.206742610548293 32.725136554311426 18.769296417830745 37.82266546100548 52.2025439498136
39.312682084310914 0.361689843341912 39.46607558447596 209.5698062216991 123.53996688065179 239.8159344626772
39.36990455147488 0.322693041115419 21.114060249400456 178.84093134103486 286.81305215933065 273.88809249357564
39.58887100636556 0.23049449757657 16.72572358684998 28.54117287756973 89.38811390105307 133.45970451128935
39.26337707218743 0.288006771206514 14.212331741329743 301.3160818497965 2.141518949029683 222.92105964224834
39.28452054733866 0.255540983067954 21.495818132122682 240.94389145743943 237.85361359418235 247.23875794579027
39.3502810614009 0.263870432978389 28.365721204889862 324.4949979017569 138.52159581000743 141.7290523320696
39.40545050792954 0.266000177010506 21.690358724852068 223.15344612083194 337.8414479029621 175.98763926035804
39.26487539973574 0.299602587527134 27.584231498252947 351.03704319796725 251.5818674832373 314.23249860462374
39.35116667175236 0.277484990741238 20.338953680726586 108.24981645013084 222.9878271707725 126.64627547381546
39.56822010195705 0.281414950959248 29.83208205665763 76.25120444643629 247.19540749545857 347.55373578802374
39.51960842897832 0.248796139877328 15.886253120618758 249.30592892805652 183.0972905445465 31.713288586009647
39.2711291578838 0.243590957461196 24.664708500923616 97.86416192769835 302.9902616995214 289.6387612809627
39.55093160108827 0.283619724503267 27.02680805705129 239.8459053154886 309.90321685471895 67.48581602312031
39.3146822504632 0.326119767953628 24.99561804049704 343.54558828967066 117.84611989074777 273.41358558910304
39.36002243195927 0.312197748175446 30.854576380041667 209.42279361452822 165.4974190825016 77.53880840618342
39.47076942976474 0.224141355457812 30.778356160371157 351.7585400729274 236.91306369576756 318.4953158313122
39.416944062072425 0.217971632602909 13.635680534055862 206.25596251518013 241.21440266554296 248.88464774462847
39.2628044337715 0.243022884711219 23.568864345690724 157.63336917426514 139.34822328420634 0.289604334545415
39.32410591783757 0.238602940179768 29.297100041688267 123.40041434763415 41.34870852998254 94.00394244011973
39.25851692042795 0.286508112890052 20.170189927845662 50.01407122898287 239.42915053161641 166.76885986847884
39.51429192650837 0.203884393064271 13.319119164939735 1.793796912037005 265.47466894129843 257.21901304121945
39.61148885257643 0.216092311756118 19.477163894404825 153.23839459847827 252.2088146327575 196.9385200941629
39.297860394714824 0.317760594634169 29.01140953701873 150.0446654745162 200.22233614383242 95.3348423730582
39.51747329395219 0.267495512779539 19.165013646325633 197.7093742521737 251.07794016464686 272.5755396771852
39.33131514827729 0.216586866373034 32.748878527853094 295.9112005928965 126.36984254041347 315.64317812597596
39.198861835385806 0.237402793799125 37.46549753177133 273.37305258545405 267.9722781786738 343.8780004316871
39.21921565881845 0.251781912302431 23.004619493409574 140.48973592172038 227.67470966649958 65.52866908223234
39.38463332908902 0.214269458210199 24.277344738401126 83.65429051328039 116.0602695438331 225.55202737909778
39.361248073509636 0.2344254305493 16.372468158319492 171.93711094323868 253.90497189849944 51.04162493720477
39.48633063256214 0.235886935111046 29.09023360784519 208.35011069905832 132.48404173630993 230.48687696617887
39.54779630858254 0.325134381771141 27.072897040312995 291.4874889018978 102.69508143481424 87.06225917370503
39.34506391544833 0.284364158159811 32.90069293644581 5.194760349390768 120.72631291274112 339.7801730131446
39.47798847861132 0.200901771859448 24.0874225040293 235.5555806398176 106.40244455776883 332.5251367615389
39.567547482509674 0.248415211824392 27.50939607655741 135.66839294170026 33.9851681206659 198.5867291072175
39.3564859771704 0.192482687888933 24.132090830504048 32.38616966716902 277.07253760414534 162.0664856281967
39.289194930408485 0.214025767902889 29.021067659269875 40.394427258396846 95.5326578189626 217.21823570950446
39.472832364635295 0.292397622872483 31.067144520281783 330.1710009381668 320.68325119842314 250.0963485803004
39.4116904339793 0.223085229078436 26.789086142619855 347.26066852991676 309.511080019509 32.51433749499969
39.30112609709012 0.212478285443431 33.431566307183175 227.94785917376043 353.1690760424421 333.13943316375384
39.291362860712525 0.258338314001717 22.212291224037664 320.4612729553092 312.3327566455896 275.53836513083735
39.19623567299444 0.249207173060839 14.96647669060706 118.91045842927777 65.53903974792384 342.7652140090996
39.36320343859487 0.283483576691778 16.520293327735143 355.503560223965 274.9113540272863 173.3856953285506
39.43641080438055 0.306389294275875 29.8216131762808 125.41968882896967 343.1844180553765 53.82674270453564
39.34059185238508 0.216100127524467 13.277696302684419 182.5029276238191 253.58729247087405 143.45607903507837
39.45635703456112 0.253067153356122 12.030959737926606 104.30421518931892 269.46127262547634 121.36243296064342
39.40343647189609 0.238812653063268 30.872368201501956 43.08464785692976 111.94573684219432 30.07990565035134
39.334532752175846 0.222359465381618 31.069246973504175 133.34456505261525 133.83430748258138 124.84197708771194
39.47777758737542 0.381691038887273 38.953062091791935 232.04697888176707 301.9686965516213 355.20562215243433
39.29349814686934 0.297847932176215 23.328276099420354 207.5946846599793 66.88704019111218 26.855290417132974
39.445983498015536 0.284869679322733 30.512429720910202 75.76165948433064 153.36918639461737 192.35912695266236
39.47520037567875 0.292166196068893 33.687747700890554 128.5462232126715 217.7052546826047 244.56820189722265
39.35328095458295 0.204284729565642 20.967426157444553 229.4770855154157 51.197536302621096 167.3775890077102
39.30277646386963 0.308375452223635 29.628205420510177 84.31690317564353 114.54695780295161 190.22835148687793
39.36585236232459 0.199218674900009 28.316930629587205 280.8071360012965 307.951241545188 70.93606244801255
39.38647655872419 0.216596074800991 27.53175721286731 190.23175403319092 127.99831515811601 339.2323360884277
39.27397110282369 0.206471085950627 10.141598431365203 238.92117949074756 301.5580505795896 120.68428054394009
39.231205657114124 0.311259732492332 27.282036496449923 269.36215323951865 79.70305538826607 251.55890909465128
39.283414094641046 0.268323196479158 20.65169449131124 117.51032122362375 322.13182897205706 165.38839649311288
39.45639543253255 0.241380122432699 35.62195698907622 292.1665001336935 37.504582185541004 136.63342278700878
39.31256512967343 0.224487940392904 22.737617991285315 310.9356735744163 180.5708788853396 280.6119277256917
39.377869773052154 0.2645242437456 16.277970393408403 218.2174575637943 78.06387316559636 273.38511004240945
39.481555057780305 0.206411233775813 36.5344672515438 210.2043834933345 251.05715901009467 20.243029414457894
39.501482991078156 0.237559152046487 25.22692048759117 198.74041077090425 121.80283426872427 275.5691345536711
39.2906198430735 0.292858792321689 17.850660473268253 93.81888673529069 221.735583720227 141.76459589507007
39.38906238763137 0.304432365964186 18.666697403660248 98.14745923174996 232.7811464280946 13.04668175655065
39.507573396620494 0.306695027290682 26.303132743400283 350.20039757587847 254.5980822997191 145.54570576720934
39.30757140839828 0.315667834275923 26.175957496400056 118.72878491525132 114.32182618623234 304.7047528142366
39.486237699164406 0.255740237110275 7.33025625655779 281.32401616511794 231.94336828851607 328.160908376807
