index
1
2
3
4
6
12
13
19
21
23
24
26
30
32
33
34
41
43
48
49
50
53
55
56
57
59
60
61
63
64
65
67
69
71
72
73
74
75
76
79
80
81
82
84
88
89
90
91
92
93
96
98
99
100
101
102
107
108
109
110
113
116
121
123
124
127
130
132
134
139
140
141
142
143
145
149
150
152
154
155
159
160
161
162
163
165
166
169
170
175
176
177
178
179
182
189
190
192
195
205
207
210
211
213
215
216
217
218
220
221
222
224
225
226
229
233
235
236
239
240
244
245
246
247
248
249
250
251
256
260
263
264
265
269
270
272
273
277
278
279
282
286
288
291
294
295
297
301
304
305
307
309
311
312
315
316
317
319
322
325
326
327
329
330
331
332
333
334
335
336
337
338
340
341
342
343
344
346
349
350
352
353
354
355
356
358
359
361
363
367
368
370
371
373
374
376
379
381
382
383
387
388
391
393
394
395
397
399
400
401
402
403
404
407
409
410
411
412
413
415
416
417
419
420
422
424
426
428
429
432
438
439
440
442
446
447
449
452
455
456
457
459
462
463
466
468
470
471
473
476
479
480
482
483
484
486
490
491
492
493
494
495
497
500
502
503
504
505
517
520
521
525
531
532
534
535
539
540
542
544
549
554
556
557
558
559
560
563
565
569
570
575
579
588
589
593
595
596
598
599
600
601
603
605
607
608
609
610
612
613
615
616
617
619
620
622
624
625
626
628
630
633
635
637
638
642
644
648
653
654
655
660
662
664
665
668
670
674
676
677
678
680
681
683
687
690
692
693
696
697
698
701
704
709
710
712
713
714
717
718
719
720
723
725
727
728
729
730
731
732
733
734
735
736
739
741
745
746
747
748
751
753
754
756
757
759
764
765
767
768
771
772
773
776
777
780
784
787
788
789
792
794
795
798
801
806
807
811
812
813
815
817
821
822
825
828
830
834
835
839
843
844
847
850
852
854
858
860
861
862
866
868
875
880
881
883
884
892
893
894
895
896
899
903
904
907
908
910
913
915
921
924
925
926
927
928
930
931
934
935
936
937
938
939
942
944
946
947
954
957
959
960
962
966
967
969
970
972
975
976
978
979
983
984
985
986
987
988
992
994
995
996
997
1000
1001
1002
1003
1005
1009
1011
1012
1015
1016
1017
1018
1019
1020
1021
1022
1026
1027
1030
1032
1034
1035
1037
1038
1039
1041
1042
1045
1046
1049
1050
1053
1054
1055
1058
1062
1063
1065
1066
1068
1071
1076
1079
1081
1083
1084
1086
1087
1089
1091
1093
1094
1095
1097
1102
1104
1105
1106
1110
1111
1114
1115
1116
1120
1124
1127
1132
1133
1134
1137
1138
1140
1142
1144
1145
1146
1147
1148
1150
1152
1153
1154
1155
1156
1161
1162
1163
1165
1168
1169
1170
1171
1174
1175
1179
1181
1182
1184
1185
1186
1187
1190
1191
1192
1193
1195
1197
1199
1200
1201
1202
1203
1207
1211
1215
1218
1219
1221
1224
1225
1227
1228
1230
1232
1236
1237
1240
1241
1242
1245
1249
1251
1255
1256
1257
1259
1265
1268
1269
1270
1272
1275
1277
1283
1285
1286
1287
1288
1290
1291
1293
1294
1296
1297
1298
1301
1310
1311
1315
1316
1317
1318
1320
1322
1324
1329
1331
1332
1333
1334
1336
1337
1339
1340
1341
1343
1345
1346
1347
1350
1351
1352
1358
1363
1364
1366
1367
1368
1369
1371
1374
1375
1378
1379
1380
1381
1384
1385
1388
1392
1393
1396
1398
1399
1400
1402
1403
1404
1405
1407
1408
1410
1411
1412
1415
1417
1419
1421
1422
1424
1425
1426
1427
1429
1430
1433
1434
1436
1441
1442
1444
1445
1446
1451
1453
1455
1460
1461
1462
1465
1466
1470
1471
1472
1473
1474
1475
1476
1477
1478
1484
1486
1487
1489
1491
1492
1493
1496
1497
1498
1501
1502
1503
1504
1507
1508
1509
1512
1513
1516
1518
1519
1524
1528
1530
1531
1532
1533
1535
1539
1540
1542
1543
1544
1545
1548
1551
1552
1554
1556
1557
1558
1559
1561
1563
1564
1565
1566
1567
1568
1573
1575
1576
1577
1578
1580
1581
1583
1584
1586
1587
1588
1590
1591
1592
1593
1594
1596
1599
1600
1601
1603
1604
1605
1608
1611
1613
1614
1615
1617
1621
1622
1623
1624
1625
1627
1628
1635
1636
1637
1638
1640
1641
1646
1648
1650
1652
1654
1655
1656
1658
1659
1660
1661
1663
1666
1668
1669
1670
1671
1672
1673
1676
1680
1681
1686
1687
1689
1691
1692
1693
1695
1699
1702
1703
1705
1711
1713
1715
1717
1721
1723
1724
1725
1730
1731
1735
1737
1739
1741
1745
1746
1747
1748
1751
1752
1756
1757
1758
1761
1762
1763
1764
1766
1767
1771
1772
1773
1775
1776
1779
1780
1782
1784
1786
1788
1789
1793
1798
1800
1802
1803
1804
1810
1811
1813
1817
1818
1819
1820
1821
1822
1823
1826
1827
1829
1830
1831
1832
1833
1835
1838
1839
1840
1841
1842
1843
1846
1848
1849
1851
1852
1856
1857
1860
1863
1864
1865
1868
1870
1871
1874
1877
1880
1881
1882
1885
1886
1890
1892
1896
1897
1898
1900
1901
1902
1903
1904
1905
1907
1908
1909
1913
1914
1915
1919
1920
1922
1923
1928
1931
1936
1937
1938
1939
1944
1946
1947
1948
1951
1952
1953
1959
1964
1965
1966
1969
1971
1972
1973
1977
1980
1984
1986
1989
1990
1991
1993
1994
1995
1997
1998
1999
2001
2004
2010
2011
2013
2014
2015
2019
2020
2029
2030
2031
2033
2034
2036
2040
2042
2043
2045
2046
2048
2050
2051
2055
2056
2058
2060
2064
2066
2067
2068
2070
2074
2075
2076
2078
2080
2082
2083
2087
2091
2092
2094
2095
2097
2099
2100
2102
2103
2104
2106
2107
2109
2111
2112
2113
2114
2115
2116
2118
2119
2124
2125
2129
2134
2136
2137
2139
2145
2147
2149
2150
2151
2154
2155
2156
2158
2160
2161
2162
2163
2164
2166
2168
2170
2173
2175
2176
2177
2178
2179
2180
2182
2184
2185
2186
2187
2189
2190
2192
2198
2200
2201
2206
2208
2209
2210
2212
2214
2220
2221
2222
2223
2228
2230
2231
2232
2233
2234
2238
2239
2242
2244
2245
2246
2247
2249
2250
2253
2254
2255
2257
2258
2259
2262
2264
2265
2266
2269
2270
2271
2272
2274
2275
2276
2279
2281
2282
2284
2286
2287
2289
2290
2291
2292
2293
2296
2297
2299
2301
2304
2305
2307
2309
2314
2316
2319
2320
2321
2323
2324
2325
2327
2328
2329
2332
2337
2339
2340
2341
2343
2344
2346
2349
2353
2354
2356
2360
2362
2364
2365
2367
2370
2373
2374
2377
2378
2383
2385
2388
2391
2393
2394
2395
2396
2398
2399
2402
2403
2404
2405
2406
2407
2408
2410
2411
2420
2422
2423
2425
2427
2428
2430
2432
2433
2434
2435
2436
2438
2441
2449
2450
2452
2453
2454
2455
2459
2462
2467
2469
2471
2474
2475
2476
2478
2479
2481
2486
2491
2492
2497
2500
2504
2506
2507
2508
2510
2517
2520
2521
2524
2525
2529
2530
2533
2536
2538
2539
2541
2543
2544
2548
2551
2554
2556
2557
2558
2559
2560
2562
2563
2564
2566
2573
2574
2576
2577
2578
2583
2584
2587
2588
2590
2591
2593
2594
2595
2597
2598
2599
2602
2603
2605
2607
2612
2613
2615
2616
2620
2623
2629
2631
2632
2633
2634
2642
2644
2646
2649
2650
2652
2656
2659
2660
2663
2668
2671
2675
2676
2678
2680
2683
2687
2688
2692
2700
2701
2705
2707
2714
2715
2716
2718
2719
2720
2722
2723
2728
2729
2730
2731
2733
2736
2738
2742
2747
2749
2750
2751
2752
2753
2755
2760
2762
2764
2765
2766
2767
2768
2769
2770
2771
2773
2774
2775
2776
2783
2785
2787
2788
2790
2791
2792
2795
2796
2799
2801
2802
2805
2807
2808
2809
2811
2815
2818
2820
2823
2826
2830
2833
2834
2835
2837
2838
2839
2843
2844
2845
2848
2850
2852
2853
2855
2859
2861
2862
2864
2873
2875
2876
2878
2880
2881
2883
2885
2887
2889
2890
2891
2893
2895
2896
2898
2905
2906
2907
2908
2912
2913
2914
2915
2918
2920
2924
2927
2928
2930
2933
2936
2937
2941
2942
2944
2946
2947
2948
2951
2954
2957
2959
2963
2964
2966
2967
2969
2971
2972
2973
2974
2976
2978
2981
2984
2986
2987
2990
2992
2993
2994
2995
2996
2997
2998
3002
3003
3004
3005
3007
3009
3010
3017
3019
3021
3022
3023
3025
3027
3035
3038
3040
3044
3047
3048
3049
3050
3051
3052
3053
3054
3055
3056
3058
3060
3061
3062
3064
3066
3068
3070
3071
3072
3075
3076
3077
3082
3088
3089
3092
3098
3099
3100
3102
3106
3109
3110
3112
3113
3116
3119
3120
3122
3125
3127
3128
3132
3134
3135
3137
3138
3139
3140
3142
3143
3144
3145
3146
3147
3148
3149
3150
3154
3156
3159
3163
3164
3166
3174
3177
3178
3179
3183
3185
3186
3191
3192
3193
3194
3195
3196
3197
3198
3202
3203
3204
3206
3207
3208
3209
3212
3215
3216
3217
3222
3223
3224
3226
3229
3232
3233
3244
3247
3248
3249
3252
3254
3255
3258
3260
3263
3265
3269
3272
3275
3276
3277
3278
3283
3284
3288
3289
3290
3293
3294
3296
3298
3299
3301
3303
3306
3309
3313
3316
3320
3321
3322
3324
3325
3326
3330
3332
3336
3337
3339
3340
3341
3343
3347
3349
3350
3352
3355
3356
3357
3359
3360
3361
3362
3365
3366
3370
3374
3376
3379
3380
3381
3382
3385
3390
3391
3392
3393
3404
3405
3409
3413
3416
3417
3420
3421
3422
3423
3431
3433
3434
3435
3436
3441
3443
3445
3446
3447
3448
3449
3450
3451
3452
3455
3456
3459
3460
3465
3467
3468
3469
3471
3472
3474
3476
3478
3482
3483
3485
3486
3489
3491
3492
3495
3496
3497
3500
3507
3508
3509
3512
3513
3514
3519
3520
3525
3526
3531
3538
3541
3543
3544
3547
3548
3549
3552
3559
3560
3563
3564
3567
3569
3573
3575
3577
3579
3581
3582
3583
3586
3587
3589
3590
3591
3595
3597
3599
3601
3602
3603
3606
3609
3610
3611
3614
3615
3616
3617
3618
3619
3624
3629
3631
3632
3637
3638
3642
3644
3652
3654
3655
3658
3660
3663
3665
3669
3676
3680
3685
3686
3689
3694
3696
3697
3700
3701
3703
3704
3709
3710
3713
3714
3717
3720
3721
3722
3723
3728
3731
3734
3735
3736
3737
3738
3742
3743
3744
3747
3749
3752
3753
3756
3757
3758
3759
3763
3764
3765
3767
3768
3769
3773
3776
3777
3778
3780
3783
3785
3786
3788
3793
3795
3796
3797
3798
3800
3801
3804
3805
3808
3812
3813
3816
3821
3822
3823
3824
3826
3828
3829
3830
3831
3832
3833
3834
3838
3841
3842
3843
3844
3846
3848
3849
3851
3853
3854
3856
3857
3858
3859
3860
3861
3875
3878
3880
3881
3884
3886
3887
3888
3889
3894
3896
3900
3901
3903
3906
3909
3910
3914
3915
3916
3918
3919
3920
3921
3922
3925
3927
3930
3931
3932
3934
3936
3937
3942
3943
3944
3945
3949
3950
3951
3952
3954
3957
3958
3959
3960
3962
3969
3971
3972
3974
3978
3982
3984
3985
3986
3987
3988
3990
3992
3993
3999
4001
4002
4006
4007
4008
4016
4022
4023
4030
4031
4032
4034
4039
4042
4046
4050
4051
4052
4055
4056
4057
4062
4063
4064
4068
4072
4077
4078
4079
4081
4083
4086
4087
4088
4090
4091
4095
4101
4102
4106
4113
4123
4124
4126
4127
4128
4129
4130
4131
4132
4133
4134
4135
4136
4137
4139
4140
4142
4146
4148
4149
4152
4157
4159
4161
4162
4163
4167
4170
4174
4178
4180
4182
4185
4186
4187
4188
4189
4190
4192
4198
4199
4201
4202
4203
4204
4206
4207
4208
4209
4210
4211
4213
4214
4216
4217
4218
4219
4220
4223
4226
4227
4228
4229
4231
4233
4234
4235
4239
4240
4242
4243
4246
4247
4248
4249
4250
4251
4252
4254
4255
4259
4260
4261
4262
4264
4265
4266
4268
4269
4270
4272
4276
4281
4287
4289
4291
4297
4298
4300
4301
4303
4304
4307
4309
4310
4311
4314
4315
4319
4320
4321
4323
4324
4329
4331
4332
4333
4335
4338
4339
4341
4343
4347
4354
4356
4357
4362
4364
4365
4367
4369
4373
4374
4384
4386
4387
4388
4390
4391
4394
4396
4398
4399
4400
4401
4402
4405
4406
4407
4408
4409
4410
4412
4414
4418
4420
4421
4422
4426
4427
4429
4430
4434
4435
4437
4438
4439
4441
4442
4444
4445
4447
4449
4450
4451
4454
4459
4462
4464
4466
4467
4469
4471
4474
4475
4476
4478
4479
4483
4484
4485
4486
4489
4490
4492
4493
4494
4498
4501
4502
4503
4506
4507
4510
4512
4519
4521
4524
4525
4526
4527
4528
4529
4530
4533
4534
4536
4537
4539
4541
4547
4549
4553
4558
4560
4561
4565
4567
4572
4576
4577
4582
4583
4585
4587
4588
4589
4590
4591
4592
4594
4597
4598
4602
4603
4604
4605
4608
4609
4610
4615
4617
4618
4619
4621
4624
4627
4628
4630
4632
4633
4636
4638
4639
4641
4646
4648
4649
4650
4652
4654
4655
4656
4658
4661
4663
4664
4667
4673
4674
4681
4684
4686
4690
4692
4696
4699
4701
4702
4703
4704
4705
4709
4711
4713
4716
4719
4722
4724
4726
4727
4728
4730
4731
4732
4734
4737
4739
4742
4746
4747
4751
4755
4760
4761
4762
4763
4765
4766
4768
4769
4770
4773
4776
4778
4782
4783
4784
4789
4790
4792
4795
4799
4800
4803
4809
4812
4816
4817
4820
4825
4829
4831
4832
4834
4835
4839
4845
4846
4847
4850
4851
4852
4854
4857
4861
4863
4864
4865
4866
4867
4874
4875
4878
4880
4884
4885
4889
4891
4893
4899
4900
4905
4906
4909
4911
4912
4913
4914
4916
4919
4920
4921
4923
4924
4930
4931
4932
4933
4937
4938
4940
4941
4942
4943
4946
4950
4954
4955
4956
4957
4960
4962
4964
4968
4971
4972
4976
4979
4980
4981
4984
4988
4989
4990
4991
4992
4994
4996
4997
5000
5001
5002
5003
5004
5005
5006
5007
5010
5011
5012
5014
5015
5019
5020
5021
5022
5023
5025
5026
5027
5028
5029
5030
5032
5033
5035
5037
5038
5043
5044
5046
5048
5049
5052
5053
5054
5057
5058
5060
5062
5066
5068
5070
5072
5073
5076
5077
5078
5079
5080
5084
5089
5092
5095
5097
5103
5104
5105
5107
5108
5110
5111
5116
5122
5123
5124
5126
5127
5128
5129
5130
5132
5135
5136
5139
5140
5141
5142
5146
5150
5151
5154
5156
5157
5161
5166
5167
5170
5173
5175
5178
5181
5182
5183
5184
5186
5187
5189
5190
5193
5195
5197
5198
5199
5201
5202
5203
5206
5207
5210
5211
5212
5213
5216
5217
5218
5219
5223
5224
5225
5226
5227
5229
5231
5232
5233
5236
5240
5242
5243
5246
5247
5249
5250
5251
5254
5255
5256
5258
5262
5264
5267
5268
5271
5272
5273
5274
5275
5277
5278
5284
5285
5286
5292
5298
5300
5303
5304
5305
5310
5312
5315
5316
5317
5318
5321
5322
5323
5324
5325
5329
5330
5331
5333
5334
5339
5341
5342
5343
5347
5349
5350
5351
5356
5357
5358
5359
5360
5361
5363
5365
5367
5368
5369
5371
5374
5376
5377
5379
5380
5383
5384
5385
5389
5393
5395
5399
5400
5405
5407
5408
5410
5411
5412
5413
5415
5416
5417
5420
5421
5422
5425
5427
5431
5433
5434
5435
5439
5440
5445
5446
5447
5449
5450
5451
5453
5456
5457
5458
5459
5460
5461
5462
5463
5464
5470
5471
5474
5478
5480
5483
5486
5487
5489
5491
5493
5494
5496
5498
5499
5501
5504
5505
5507
5508
5511
5512
5516
5517
5518
5519
5522
5523
5526
5527
5528
5529
5530
5532
5533
5536
5538
5539
5544
5545
5547
5548
5549
5551
5553
5554
5558
5559
5561
5562
5563
5565
5566
5567
5569
5570
5571
5572
5573
5574
5577
5580
5581
5582
5583
5588
5589
5596
5597
5599
5600
5601
5602
5603
5604
5605
5606
5607
5608
5610
5620
5624
5631
5633
5637
5639
5640
5644
5645
5646
5649
5652
5653
5656
5657
5658
5659
5661
5662
5665
5666
5667
5670
5671
5672
5677
5678
5680
5683
5684
5685
5687
5689
5690
5692
5694
5696
5697
5698
5699
5700
5702
5704
5706
5707
5709
5710
5712
5714
5715
5717
5718
5719
5721
5724
5725
5726
5727
5728
5729
5730
5731
5732
5733
5734
5735
5736
5738
5739
5741
5743
5744
5745
5746
5747
5749
5750
5752
5753
5754
5757
5758
5759
5761
5768
5772
5773
5774
5775
5776
5777
5779
5783
5784
5785
5786
5787
5788
5789
5790
5791
5792
5793
5798
5800
5803
5804
5809
5811
5812
5814
5816
5817
5818
5824
5832
5833
5835
5836
5838
5839
5840
5843
5844
5845
5846
5848
5849
5850
5852
5853
5854
5857
5858
5859
5862
5865
5866
5867
5872
5873
5874
5875
5880
5883
5889
5891
5892
5894
5895
5898
5899
5906
5907
5908
5911
5912
5913
5914
5918
5920
5922
5924
5926
5927
5928
5933
5934
5935
5938
5939
5940
5948
5949
5950
5954
5957
5958
5961
5962
5963
5964
5965
5966
5967
5968
5970
5971
5972
5974
5976
5977
5978
5980
5981
5982
5983
5984
5985
5986
5991
5994
5995
5998
5999
6000
6001
6005
6006
6007
6010
6011
6013
6014
6015
6016
6020
6021
6022
6023
6024
6029
6032
6035
6036
6040
6042
6043
6045
6046
6048
6050
6051
6052
6053
6054
6055
6056
6057
6059
6060
6064
6065
6066
6067
6069
6071
6073
6075
6077
6078
6080
6081
6084
6085
6086
6087
6090
6091
6092
6093
6096
6097
6098
6099
6101
6103
6105
6106
6108
6110
6111
6115
6116
6117
6119
6120
6123
6126
6129
6132
6134
6135
6136
6137
6138
6139
6140
6141
6142
6143
6144
6145
6149
6151
6154
6157
6158
6161
6162
6163
6164
6166
6167
6169
6171
6175
6177
6180
6181
6183
6184
6186
6189
6190
6192
6193
6194
6196
6197
6198
6199
6201
6202
6204
6206
6207
6214
6217
6218
6221
6223
6224
6228
6229
6230
6231
6232
6233
6235
6236
6238
6240
6244
6245
6247
6250
6251
6256
6257
6259
6260
6264
6267
6268
6269
6271
6273
6274
6275
6278
6280
6281
6283
6286
6289
6291
6292
6293
6294
6296
6298
6300
6302
6303
6305
6306
6308
6315
6316
6317
6318
6320
6323
6324
6327
6328
6331
6333
6335
6340
6342
6343
6347
6348
6350
6353
6354
6355
6356
6358
6359
6360
6362
6363
6365
6367
6369
6370
6371
6375
6376
6378
6379
6383
6386
6387
6390
6393
6395
6398
6399
6403
6405
6407
6408
6410
6412
6413
6415
6417
6418
6421
6423
6425
6427
6430
6432
6434
6435
6436
6437
6438
6441
6445
6447
6450
6453
6454
6456
6459
6467
6469
6473
6476
6478
6479
6482
6484
6485
6487
6488
6491
6493
6495
6496
6498
6499
6501
6503
6504
6505
6511
6512
6513
6514
6516
6517
6518
6521
6523
6525
6526
6527
6530
6535
6536
6541
6542
6543
6544
6547
6548
6551
6552
6557
6561
6562
6563
6565
6566
6568
6572
6573
6576
6577
6578
6579
6580
6584
6585
6586
6588
6589
6592
6595
6596
6597
6601
6603
6608
6609
6610
6611
6612
6614
6615
6616
6617
6619
6620
6622
6624
6625
6627
6631
6632
6635
6636
6638
6640
6643
6644
6646
6647
6651
6653
6655
6656
6660
6662
6663
6664
6665
6667
6668
6671
6675
6676
6677
6678
6680
6687
6688
6691
6693
6696
6697
6699
6700
6701
6702
6703
6705
6707
6708
6710
6712
6715
6717
6719
6720
6722
6725
6726
6729
6730
6731
6733
6734
6735
6737
6738
6739
6740
6743
6745
6748
6750
6754
6755
6756
6762
6763
6765
6766
6768
6771
6772
6773
6774
6775
6777
6779
6780
6782
6785
6787
6789
6790
6792
6793
6800
6802
6803
6805
6807
6813
6815
6817
6818
6820
6822
6823
6831
6834
6835
6836
6837
6838
6839
6840
6842
6845
6846
6848
6851
6852
6853
6854
6857
6860
6863
6867
6870
6874
6875
6880
6882
6887
6888
6889
6891
6892
6898
6901
6902
6903
6904
6905
6907
6908
6910
6911
6915
6916
6917
6918
6919
6920
6922
6924
6926
6927
6928
6929
6930
6931
6932
6935
6936
6938
6939
6941
6942
6943
6949
6951
6953
6954
6956
6959
6960
6961
6963
6968
6970
6972
6976
6977
6978
6979
6981
6984
6987
6990
6992
6993
6996
6997
6998
6999
7001
7004
7006
7010
7011
7013
7014
7016
7020
7021
7022
7024
7026
7028
7029
7030
7032
7035
7037
7040
7042
7043
7045
7047
7048
7050
7054
7055
7058
7060
7061
7062
7064
7067
7068
7069
7070
7073
7075
7076
7077
7079
7080
7082
7083
7085
7086
7088
7089
7091
7092
7094
7096
7097
7098
7101
7102
7105
7106
7107
7111
7112
7114
7119
7121
7123
7124
7126
7128
7130
7131
7133
7137
7138
7140
7143
7145
7146
7150
7151
7152
7155
7156
7157
7161
7162
7163
7165
7167
7169
7172
7179
7182
7183
7184
7186
7190
7191
7192
7196
7198
7199
7200
7203
7205
7206
7209
7210
7211
7214
7215
7216
7217
7221
7222
7225
7229
7231
7235
7236
7238
7239
7242
7243
7245
7246
7247
7256
7259
7260
7261
7262
7264
7265
7266
7269
7270
7274
7276
7278
7279
7288
7291
7292
7293
7294
7298
7299
7306
7307
7310
7311
7314
7316
7317
7318
7319
7320
7321
7325
7326
7327
7328
7331
7333
7334
7335
7336
7338
7339
7340
7341
7342
7343
7345
7349
7350
7352
7353
7354
7356
7357
7358
7363
7364
7366
7369
7370
7371
7372
7373
7374
7379
7385
7386
7387
7392
7395
7397
7401
7402
7405
7406
7409
7410
7412
7413
7415
7418
7419
7420
7422
7423
7424
7426
7427
7428
7430
7433
7435
7436
7438
7440
7441
7442
7445
7447
7448
7450
7451
7452
7453
7454
7455
7456
7458
7460
7461
7467
7468
7469
7471
7474
7475
7479
7480
7484
7485
7489
7490
7491
7493
7494
7495
7496
7498
7499
7502
7504
7507
7509
7514
7515
7518
7523
7524
7527
7528
