index
0
5
7
8
9
10
11
14
15
16
17
18
20
22
25
27
28
29
31
35
36
37
38
39
40
42
44
45
46
47
51
52
54
58
62
66
68
70
77
78
83
85
86
87
94
95
97
103
104
105
106
111
112
114
115
117
118
119
120
122
125
126
128
129
131
133
135
136
137
138
144
146
147
148
151
153
156
157
158
164
167
168
171
172
173
174
180
181
183
184
185
186
187
188
191
193
194
196
197
198
199
200
201
202
203
204
206
208
209
212
214
219
223
227
228
230
231
232
234
237
238
241
242
243
252
253
254
255
257
258
259
261
262
266
267
268
271
274
275
276
280
281
283
284
285
287
289
290
292
293
296
298
299
300
302
303
306
308
310
313
314
318
320
321
323
324
328
339
345
347
348
351
357
360
362
364
365
366
369
372
375
377
378
380
384
385
386
389
390
392
396
398
405
406
408
414
418
421
423
425
427
430
431
433
434
435
436
437
441
443
444
445
448
450
451
453
454
458
460
461
464
465
467
469
472
474
475
477
478
481
485
487
488
489
496
498
499
501
506
507
508
509
510
511
512
513
514
515
516
518
519
522
523
524
526
527
528
529
530
533
536
537
538
541
543
545
546
547
548
550
551
552
553
555
561
562
564
566
567
568
571
572
573
574
576
577
578
580
581
582
583
584
585
586
587
590
591
592
594
597
602
604
606
611
614
618
621
623
627
629
631
632
634
636
639
640
641
643
645
646
647
649
650
651
652
656
657
658
659
661
663
666
667
669
671
672
673
675
679
682
684
685
686
688
689
691
694
695
699
700
702
703
705
706
707
708
711
715
716
721
722
724
726
737
738
740
742
743
744
749
750
752
755
758
760
761
762
763
766
769
770
774
775
778
779
781
782
783
785
786
790
791
793
796
797
799
800
802
803
804
805
808
809
810
814
816
818
819
820
823
824
826
827
829
831
832
833
836
837
838
840
841
842
845
846
848
849
851
853
855
856
857
859
863
864
865
867
869
870
871
872
873
874
876
877
878
879
882
885
886
887
888
889
890
891
897
898
900
901
902
905
906
909
911
912
914
916
917
918
919
920
922
923
929
932
933
940
941
943
945
948
949
950
951
952
953
955
956
958
961
963
964
965
968
971
973
974
977
980
981
982
989
990
991
993
998
999
1004
1006
1007
1008
1010
1013
1014
1023
1024
1025
1028
1029
1031
1033
1036
1040
1043
1044
1047
1048
1051
1052
1056
1057
1059
1060
1061
1064
1067
1069
1070
1072
1073
1074
1075
1077
1078
1080
1082
1085
1088
1090
1092
1096
1098
1099
1100
1101
1103
1107
1108
1109
1112
1113
1117
1118
1119
1121
1122
1123
1125
1126
1128
1129
1130
1131
1135
1136
1139
1141
1143
1149
1151
1157
1158
1159
1160
1164
1166
1167
1172
1173
1176
1177
1178
1180
1183
1188
1189
1194
1196
1198
1204
1205
1206
1208
1209
1210
1212
1213
1214
1216
1217
1220
1222
1223
1226
1229
1231
1233
1234
1235
1238
1239
1243
1244
1246
1247
1248
1250
1252
1253
1254
1258
1260
1261
1262
1263
1264
1266
1267
1271
1273
1274
1276
1278
1279
1280
1281
1282
1284
1289
1292
1295
1299
1300
1302
1303
1304
1305
1306
1307
1308
1309
1312
1313
1314
1319
1321
1323
1325
1326
1327
1328
1330
1335
1338
1342
1344
1348
1349
1353
1354
1355
1356
1357
1359
1360
1361
1362
1365
1370
1372
1373
1376
1377
1382
1383
1386
1387
1389
1390
1391
1394
1395
1397
1401
1406
1409
1413
1414
1416
1418
1420
1423
1428
1431
1432
1435
1437
1438
1439
1440
1443
1447
1448
1449
1450
1452
1454
1456
1457
1458
1459
1463
1464
1467
1468
1469
1479
1480
1481
1482
1483
1485
1488
1490
1494
1495
1499
1500
1505
1506
1510
1511
1514
1515
1517
1520
1521
1522
1523
1525
1526
1527
1529
1534
1536
1537
1538
1541
1546
1547
1549
1550
1553
1555
1560
1562
1569
1570
1571
1572
1574
1579
1582
1585
1589
1595
1597
1598
1602
1606
1607
1609
1610
1612
1616
1618
1619
1620
1626
1629
1630
1631
1632
1633
1634
1639
1642
1643
1644
1645
1647
1649
1651
1653
1657
1662
1664
1665
1667
1674
1675
1677
1678
1679
1682
1683
1684
1685
1688
1690
1694
1696
1697
1698
1700
1701
1704
1706
1707
1708
1709
1710
1712
1714
1716
1718
1719
1720
1722
1726
1727
1728
1729
1732
1733
1734
1736
1738
1740
1742
1743
1744
1749
1750
1753
1754
1755
1759
1760
1765
1768
1769
1770
1774
1777
1778
1781
1783
1785
1787
1790
1791
1792
1794
1795
1796
1797
1799
1801
1805
1806
1807
1808
1809
1812
1814
1815
1816
1824
1825
1828
1834
1836
1837
1844
1845
1847
1850
1853
1854
1855
1858
1859
1861
1862
1866
1867
1869
1872
1873
1875
1876
1878
1879
1883
1884
1887
1888
1889
1891
1893
1894
1895
1899
1906
1910
1911
1912
1916
1917
1918
1921
1924
1925
1926
1927
1929
1930
1932
1933
1934
1935
1940
1941
1942
1943
1945
1949
1950
1954
1955
1956
1957
1958
1960
1961
1962
1963
1967
1968
1970
1974
1975
1976
1978
1979
1981
1982
1983
1985
1987
1988
1992
1996
2000
2002
2003
2005
2006
2007
2008
2009
2012
2016
2017
2018
2021
2022
2023
2024
2025
2026
2027
2028
2032
2035
2037
2038
2039
2041
2044
2047
2049
2052
2053
2054
2057
2059
2061
2062
2063
2065
2069
2071
2072
2073
2077
2079
2081
2084
2085
2086
2088
2089
2090
2093
2096
2098
2101
2105
2108
2110
2117
2120
2121
2122
2123
2126
2127
2128
2130
2131
2132
2133
2135
2138
2140
2141
2142
2143
2144
2146
2148
2152
2153
2157
2159
2165
2167
2169
2171
2172
2174
2181
2183
2188
2191
2193
2194
2195
2196
2197
2199
2202
2203
2204
2205
2207
2211
2213
2215
2216
2217
2218
2219
2224
2225
2226
2227
2229
2235
2236
2237
2240
2241
2243
2248
2251
2252
2256
2260
2261
2263
2267
2268
2273
2277
2278
2280
2283
2285
2288
2294
2295
2298
2300
2302
2303
2306
2308
2310
2311
2312
2313
2315
2317
2318
2322
2326
2330
2331
2333
2334
2335
2336
2338
2342
2345
2347
2348
2350
2351
2352
2355
2357
2358
2359
2361
2363
2366
2368
2369
2371
2372
2375
2376
2379
2380
2381
2382
2384
2386
2387
2389
2390
2392
2397
2400
2401
2409
2412
2413
2414
2415
2416
2417
2418
2419
2421
2424
2426
2429
2431
2437
2439
2440
2442
2443
2444
2445
2446
2447
2448
2451
2456
2457
2458
2460
2461
2463
2464
2465
2466
2468
2470
2472
2473
2477
2480
2482
2483
2484
2485
2487
2488
2489
2490
2493
2494
2495
2496
2498
2499
2501
2502
2503
2505
2509
2511
2512
2513
2514
2515
2516
2518
2519
2522
2523
2526
2527
2528
2531
2532
2534
2535
2537
2540
2542
2545
2546
2547
2549
2550
2552
2553
2555
2561
2565
2567
2568
2569
2570
2571
2572
2575
2579
2580
2581
2582
2585
2586
2589
2592
2596
2600
2601
2604
2606
2608
2609
2610
2611
2614
2617
2618
2619
2621
2622
2624
2625
2626
2627
2628
2630
2635
2636
2637
2638
2639
2640
2641
2643
2645
2647
2648
2651
2653
2654
2655
2657
2658
2661
2662
2664
2665
2666
2667
2669
2670
2672
2673
2674
2677
2679
2681
2682
2684
2685
2686
2689
2690
2691
2693
2694
2695
2696
2697
2698
2699
2702
2703
2704
2706
2708
2709
2710
2711
2712
2713
2717
2721
2724
2725
2726
2727
2732
2734
2735
2737
2739
2740
2741
2743
2744
2745
2746
2748
2754
2756
2757
2758
2759
2761
2763
2772
2777
2778
2779
2780
2781
2782
2784
2786
2789
2793
2794
2797
2798
2800
2803
2804
2806
2810
2812
2813
2814
2816
2817
2819
2821
2822
2824
2825
2827
2828
2829
2831
2832
2836
2840
2841
2842
2846
2847
2849
2851
2854
2856
2857
2858
2860
2863
2865
2866
2867
2868
2869
2870
2871
2872
2874
2877
2879
2882
2884
2886
2888
2892
2894
2897
2899
2900
2901
2902
2903
2904
2909
2910
2911
2916
2917
2919
2921
2922
2923
2925
2926
2929
2931
2932
2934
2935
2938
2939
2940
2943
2945
2949
2950
2952
2953
2955
2956
2958
2960
2961
2962
2965
2968
2970
2975
2977
2979
2980
2982
2983
2985
2988
2989
2991
2999
3000
3001
3006
3008
3011
3012
3013
3014
3015
3016
3018
3020
3024
3026
3028
3029
3030
3031
3032
3033
3034
3036
3037
3039
3041
3042
3043
3045
3046
3057
3059
3063
3065
3067
3069
3073
3074
3078
3079
3080
3081
3083
3084
3085
3086
3087
3090
3091
3093
3094
3095
3096
3097
3101
3103
3104
3105
3107
3108
3111
3114
3115
3117
3118
3121
3123
3124
3126
3129
3130
3131
3133
3136
3141
3151
3152
3153
3155
3157
3158
3160
3161
3162
3165
3167
3168
3169
3170
3171
3172
3173
3175
3176
3180
3181
3182
3184
3187
3188
3189
3190
3199
3200
3201
3205
3210
3211
3213
3214
3218
3219
3220
3221
3225
3227
3228
3230
3231
3234
3235
3236
3237
3238
3239
3240
3241
3242
3243
3245
3246
3250
3251
3253
3256
3257
3259
3261
3262
3264
3266
3267
3268
3270
3271
3273
3274
3279
3280
3281
3282
3285
3286
3287
3291
3292
3295
3297
3300
3302
3304
3305
3307
3308
3310
3311
3312
3314
3315
3317
3318
3319
3323
3327
3328
3329
3331
3333
3334
3335
3338
3342
3344
3345
3346
3348
3351
3353
3354
3358
3363
3364
3367
3368
3369
3371
3372
3373
3375
3377
3378
3383
3384
3386
3387
3388
3389
3394
3395
3396
3397
3398
3399
3400
3401
3402
3403
3406
3407
3408
3410
3411
3412
3414
3415
3418
3419
3424
3425
3426
3427
3428
3429
3430
3432
3437
3438
3439
3440
3442
3444
3453
3454
3457
3458
3461
3462
3463
3464
3466
3470
3473
3475
3477
3479
3480
3481
3484
3487
3488
3490
3493
3494
3498
3499
3501
3502
3503
3504
3505
3506
3510
3511
3515
3516
3517
3518
3521
3522
3523
3524
3527
3528
3529
3530
3532
3533
3534
3535
3536
3537
3539
3540
3542
3545
3546
3550
3551
3553
3554
3555
3556
3557
3558
3561
3562
3565
3566
3568
3570
3571
3572
3574
3576
3578
3580
3584
3585
3588
3592
3593
3594
3596
3598
3600
3604
3605
3607
3608
3612
3613
3620
3621
3622
3623
3625
3626
3627
3628
3630
3633
3634
3635
3636
3639
3640
3641
3643
3645
3646
3647
3648
3649
3650
3651
3653
3656
3657
3659
3661
3662
3664
3666
3667
3668
3670
3671
3672
3673
3674
3675
3677
3678
3679
3681
3682
3683
3684
3687
3688
3690
3691
3692
3693
3695
3698
3699
3702
3705
3706
3707
3708
3711
3712
3715
3716
3718
3719
3724
3725
3726
3727
3729
3730
3732
3733
3739
3740
3741
3745
3746
3748
3750
3751
3754
3755
3760
3761
3762
3766
3770
3771
3772
3774
3775
3779
3781
3782
3784
3787
3789
3790
3791
3792
3794
3799
3802
3803
3806
3807
3809
3810
3811
3814
3815
3817
3818
3819
3820
3825
3827
3835
3836
3837
3839
3840
3845
3847
3850
3852
3855
3862
3863
3864
3865
3866
3867
3868
3869
3870
3871
3872
3873
3874
3876
3877
3879
3882
3883
3885
3890
3891
3892
3893
3895
3897
3898
3899
3902
3904
3905
3907
3908
3911
3912
3913
3917
3923
3924
3926
3928
3929
3933
3935
3938
3939
3940
3941
3946
3947
3948
3953
3955
3956
3961
3963
3964
3965
3966
3967
3968
3970
3973
3975
3976
3977
3979
3980
3981
3983
3989
3991
3994
3995
3996
3997
3998
4000
4003
4004
4005
4009
4010
4011
4012
4013
4014
4015
4017
4018
4019
4020
4021
4024
4025
4026
4027
4028
4029
4033
4035
4036
4037
4038
4040
4041
4043
4044
4045
4047
4048
4049
4053
4054
4058
4059
4060
4061
4065
4066
4067
4069
4070
4071
4073
4074
4075
4076
4080
4082
4084
4085
4089
4092
4093
4094
4096
4097
4098
4099
4100
4103
4104
4105
4107
4108
4109
4110
4111
4112
4114
4115
4116
4117
4118
4119
4120
4121
4122
4125
4138
4141
4143
4144
4145
4147
4150
4151
4153
4154
4155
4156
4158
4160
4164
4165
4166
4168
4169
4171
4172
4173
4175
4176
4177
4179
4181
4183
4184
4191
4193
4194
4195
4196
4197
4200
4205
4212
4215
4221
4222
4224
4225
4230
4232
4236
4237
4238
4241
4244
4245
4253
4256
4257
4258
4263
4267
4271
4273
4274
4275
4277
4278
4279
4280
4282
4283
4284
4285
4286
4288
4290
4292
4293
4294
4295
4296
4299
4302
4305
4306
4308
4312
4313
4316
4317
4318
4322
4325
4326
4327
4328
4330
4334
4336
4337
4340
4342
4344
4345
4346
4348
4349
4350
4351
4352
4353
4355
4358
4359
4360
4361
4363
4366
4368
4370
4371
4372
4375
4376
4377
4378
4379
4380
4381
4382
4383
4385
4389
4392
4393
4395
4397
4403
4404
4411
4413
4415
4416
4417
4419
4423
4424
4425
4428
4431
4432
4433
4436
4440
4443
4446
4448
4452
4453
4455
4456
4457
4458
4460
4461
4463
4465
4468
4470
4472
4473
4477
4480
4481
4482
4487
4488
4491
4495
4496
4497
4499
4500
4504
4505
4508
4509
4511
4513
4514
4515
4516
4517
4518
4520
4522
4523
4531
4532
4535
4538
4540
4542
4543
4544
4545
4546
4548
4550
4551
4552
4554
4555
4556
4557
4559
4562
4563
4564
4566
4568
4569
4570
4571
4573
4574
4575
4578
4579
4580
4581
4584
4586
4593
4595
4596
4599
4600
4601
4606
4607
4611
4612
4613
4614
4616
4620
4622
4623
4625
4626
4629
4631
4634
4635
4637
4640
4642
4643
4644
4645
4647
4651
4653
4657
4659
4660
4662
4665
4666
4668
4669
4670
4671
4672
4675
4676
4677
4678
4679
4680
4682
4683
4685
4687
4688
4689
4691
4693
4694
4695
4697
4698
4700
4706
4707
4708
4710
4712
4714
4715
4717
4718
4720
4721
4723
4725
4729
4733
4735
4736
4738
4740
4741
4743
4744
4745
4748
4749
4750
4752
4753
4754
4756
4757
4758
4759
4764
4767
4771
4772
4774
4775
4777
4779
4780
4781
4785
4786
4787
4788
4791
4793
4794
4796
4797
4798
4801
4802
4804
4805
4806
4807
4808
4810
4811
4813
4814
4815
4818
4819
4821
4822
4823
4824
4826
4827
4828
4830
4833
4836
4837
4838
4840
4841
4842
4843
4844
4848
4849
4853
4855
4856
4858
4859
4860
4862
4868
4869
4870
4871
4872
4873
4876
4877
4879
4881
4882
4883
4886
4887
4888
4890
4892
4894
4895
4896
4897
4898
4901
4902
4903
4904
4907
4908
4910
4915
4917
4918
4922
4925
4926
4927
4928
4929
4934
4935
4936
4939
4944
4945
4947
4948
4949
4951
4952
4953
4958
4959
4961
4963
4965
4966
4967
4969
4970
4973
4974
4975
4977
4978
4982
4983
4985
4986
4987
4993
4995
4998
4999
5008
5009
5013
5016
5017
5018
5024
5031
5034
5036
5039
5040
5041
5042
5045
5047
5050
5051
5055
5056
5059
5061
5063
5064
5065
5067
5069
5071
5074
5075
5081
5082
5083
5085
5086
5087
5088
5090
5091
5093
5094
5096
5098
5099
5100
5101
5102
5106
5109
5112
5113
5114
5115
5117
5118
5119
5120
5121
5125
5131
5133
5134
5137
5138
5143
5144
5145
5147
5148
5149
5152
5153
5155
5158
5159
5160
5162
5163
5164
5165
5168
5169
5171
5172
5174
5176
5177
5179
5180
5185
5188
5191
5192
5194
5196
5200
5204
5205
5208
5209
5214
5215
5220
5221
5222
5228
5230
5234
5235
5237
5238
5239
5241
5244
5245
5248
5252
5253
5257
5259
5260
5261
5263
5265
5266
5269
5270
5276
5279
5280
5281
5282
5283
5287
5288
5289
5290
5291
5293
5294
5295
5296
5297
5299
5301
5302
5306
5307
5308
5309
5311
5313
5314
5319
5320
5326
5327
5328
5332
5335
5336
5337
5338
5340
5344
5345
5346
5348
5352
5353
5354
5355
5362
5364
5366
5370
5372
5373
5375
5378
5381
5382
5386
5387
5388
5390
5391
5392
5394
5396
5397
5398
5401
5402
5403
5404
5406
5409
5414
5418
5419
5423
5424
5426
5428
5429
5430
5432
5436
5437
5438
5441
5442
5443
5444
5448
5452
5454
5455
5465
5466
5467
5468
5469
5472
5473
5475
5476
5477
5479
5481
5482
5484
5485
5488
5490
5492
5495
5497
5500
5502
5503
5506
5509
5510
5513
5514
5515
5520
5521
5524
5525
5531
5534
5535
5537
5540
5541
5542
5543
5546
5550
5552
5555
5556
5557
5560
5564
5568
5575
5576
5578
5579
5584
5585
5586
5587
5590
5591
5592
5593
5594
5595
5598
5609
5611
5612
5613
5614
5615
5616
5617
5618
5619
5621
5622
5623
5625
5626
5627
5628
5629
5630
5632
5634
5635
5636
5638
5641
5642
5643
5647
5648
5650
5651
5654
5655
5660
5663
5664
5668
5669
5673
5674
5675
5676
5679
5681
5682
5686
5688
5691
5693
5695
5701
5703
5705
5708
5711
5713
5716
5720
5722
5723
5737
5740
5742
5748
5751
5755
5756
5760
5762
5763
5764
5765
5766
5767
5769
5770
5771
5778
5780
5781
5782
5794
5795
5796
5797
5799
5801
5802
5805
5806
5807
5808
5810
5813
5815
5819
5820
5821
5822
5823
5825
5826
5827
5828
5829
5830
5831
5834
5837
5841
5842
5847
5851
5855
5856
5860
5861
5863
5864
5868
5869
5870
5871
5876
5877
5878
5879
5881
5882
5884
5885
5886
5887
5888
5890
5893
5896
5897
5900
5901
5902
5903
5904
5905
5909
5910
5915
5916
5917
5919
5921
5923
5925
5929
5930
5931
5932
5936
5937
5941
5942
5943
5944
5945
5946
5947
5951
5952
5953
5955
5956
5959
5960
5969
5973
5975
5979
5987
5988
5989
5990
5992
5993
5996
5997
6002
6003
6004
6008
6009
6012
6017
6018
6019
6025
6026
6027
6028
6030
6031
6033
6034
6037
6038
6039
6041
6044
6047
6049
6058
6061
6062
6063
6068
6070
6072
6074
6076
6079
6082
6083
6088
6089
6094
6095
6100
6102
6104
6107
6109
6112
6113
6114
6118
6121
6122
6124
6125
6127
6128
6130
6131
6133
6146
6147
6148
6150
6152
6153
6155
6156
6159
6160
6165
6168
6170
6172
6173
6174
6176
6178
6179
6182
6185
6187
6188
6191
6195
6200
6203
6205
6208
6209
6210
6211
6212
6213
6215
6216
6219
6220
6222
6225
6226
6227
6234
6237
6239
6241
6242
6243
6246
6248
6249
6252
6253
6254
6255
6258
6261
6262
6263
6265
6266
6270
6272
6276
6277
6279
6282
6284
6285
6287
6288
6290
6295
6297
6299
6301
6304
6307
6309
6310
6311
6312
6313
6314
6319
6321
6322
6325
6326
6329
6330
6332
6334
6336
6337
6338
6339
6341
6344
6345
6346
6349
6351
6352
6357
6361
6364
6366
6368
6372
6373
6374
6377
6380
6381
6382
6384
6385
6388
6389
6391
6392
6394
6396
6397
6400
6401
6402
6404
6406
6409
6411
6414
6416
6419
6420
6422
6424
6426
6428
6429
6431
6433
6439
6440
6442
6443
6444
6446
6448
6449
6451
6452
6455
6457
6458
6460
6461
6462
6463
6464
6465
6466
6468
6470
6471
6472
6474
6475
6477
6480
6481
6483
6486
6489
6490
6492
6494
6497
6500
6502
6506
6507
6508
6509
6510
6515
6519
6520
6522
6524
6528
6529
6531
6532
6533
6534
6537
6538
6539
6540
6545
6546
6549
6550
6553
6554
6555
6556
6558
6559
6560
6564
6567
6569
6570
6571
6574
6575
6581
6582
6583
6587
6590
6591
6593
6594
6598
6599
6600
6602
6604
6605
6606
6607
6613
6618
6621
6623
6626
6628
6629
6630
6633
6634
6637
6639
6641
6642
6645
6648
6649
6650
6652
6654
6657
6658
6659
6661
6666
6669
6670
6672
6673
6674
6679
6681
6682
6683
6684
6685
6686
6689
6690
6692
6694
6695
6698
6704
6706
6709
6711
6713
6714
6716
6718
6721
6723
6724
6727
6728
6732
6736
6741
6742
6744
6746
6747
6749
6751
6752
6753
6757
6758
6759
6760
6761
6764
6767
6769
6770
6776
6778
6781
6783
6784
6786
6788
6791
6794
6795
6796
6797
6798
6799
6801
6804
6806
6808
6809
6810
6811
6812
6814
6816
6819
6821
6824
6825
6826
6827
6828
6829
6830
6832
6833
6841
6843
6844
6847
6849
6850
6855
6856
6858
6859
6861
6862
6864
6865
6866
6868
6869
6871
6872
6873
6876
6877
6878
6879
6881
6883
6884
6885
6886
6890
6893
6894
6895
6896
6897
6899
6900
6906
6909
6912
6913
6914
6921
6923
6925
6933
6934
6937
6940
6944
6945
6946
6947
6948
6950
6952
6955
6957
6958
6962
6964
6965
6966
6967
6969
6971
6973
6974
6975
6980
6982
6983
6985
6986
6988
6989
6991
6994
6995
7000
7002
7003
7005
7007
7008
7009
7012
7015
7017
7018
7019
7023
7025
7027
7031
7033
7034
7036
7038
7039
7041
7044
7046
7049
7051
7052
7053
7056
7057
7059
7063
7065
7066
7071
7072
7074
7078
7081
7084
7087
7090
7093
7095
7099
7100
7103
7104
7108
7109
7110
7113
7115
7116
7117
7118
7120
7122
7125
7127
7129
7132
7134
7135
7136
7139
7141
7142
7144
7147
7148
7149
7153
7154
7158
7159
7160
7164
7166
7168
7170
7171
7173
7174
7175
7176
7177
7178
7180
7181
7185
7187
7188
7189
7193
7194
7195
7197
7201
7202
7204
7207
7208
7212
7213
7218
7219
7220
7223
7224
7226
7227
7228
7230
7232
7233
7234
7237
7240
7241
7244
7248
7249
7250
7251
7252
7253
7254
7255
7257
7258
7263
7267
7268
7271
7272
7273
7275
7277
7280
7281
7282
7283
7284
7285
7286
7287
7289
7290
7295
7296
7297
7300
7301
7302
7303
7304
7305
7308
7309
7312
7313
7315
7322
7323
7324
7329
7330
7332
7337
7344
7346
7347
7348
7351
7355
7359
7360
7361
7362
7365
7367
7368
7375
7376
7377
7378
7380
7381
7382
7383
7384
7388
7389
7390
7391
7393
7394
7396
7398
7399
7400
7403
7404
7407
7408
7411
7414
7416
7417
7421
7425
7429
7431
7432
7434
7437
7439
7443
7444
7446
7449
7457
7459
7462
7463
7464
7465
7466
7470
7472
7473
7476
7477
7478
7481
7482
7483
7486
7487
7488
7492
7497
7500
7501
7503
7505
7506
7508
7510
7511
7512
7513
7516
7517
7519
7520
7521
7522
7525
7526
